#include <SFML/Graphics.hpp>
#include <unordered_map>
#include <string>
using std::unordered_map;
using std::string;

struct Multiplier {
     const std::vector<std::vector<double>> multipliers = {
    {1.01, 1.08, 1.12, 1.18, 1.24, 1.30, 1.37, 1.46, 1.55, 1.65, 1.77, 1.90, 2.06, 2.25, 2.47, 2.75, 3.09, 3.54, 4.12, 4.95, 6.19, 8.25, 12.37, 24.75},
    {1.08, 1.17, 1.29, 1.41, 1.56, 1.74, 1.94, 2.18, 2.47, 2.83, 3.26, 3.81, 4.50, 5.40, 6.60, 8.25, 10.61, 14.14, 19.80, 29.70, 49.50, 99.00, 297.00, 0.0},
    {1.12, 1.29, 1.48, 1.71, 2.00, 2.35, 2.79, 3.35, 4.07, 5.00, 6.26, 7.96, 10.35, 13.80, 18.97, 27.11, 40.66, 65.06, 113.85, 227.70, 569.30, 2277.00, 0.0, 0.0},
    {1.18, 1.41, 1.71, 2.09, 2.58, 3.23, 4.09, 5.26, 6.88, 9.17, 12.51, 17.52, 25.30, 37.95, 59.64, 99.39, 178.91, 357.81, 834.90, 2504.00, 12523.00, 0.0, 0.0, 0.0},
    {1.24, 1.56, 2.00, 2.58, 3.39, 4.52, 6.14, 8.50, 12.04, 17.52, 26.77, 40.87, 66.41, 113.85, 208.72, 417.45, 939.26, 2504.00, 8768.00, 52598.00, 0.0, 0.0, 0.0, 0.0},
    {1.30, 1.74, 2.35, 3.23, 4.52, 6.46, 9.44, 14.17, 21.89, 35.03, 58.38, 102.17, 189.75, 379.50, 834.90, 2087.00, 6261.00, 25047.00, 175329.00, 0.0, 0.0, 0.0, 0.0, 0.0},
    {1.37, 1.94, 2.79, 4.09, 6.14, 9.44, 14.95, 24.47, 41.60, 73.95, 138.66, 277.33, 600.87, 1442.00, 3965.00, 13219.00, 59486.00, 475893.00, 0.0, 0.0, 0.0, 0.0, 0.0, 0.0},
    {1.46, 2.18, 3.35, 5.26, 8.50, 14.17, 24.47, 44.05, 83.20, 166.40, 356.56, 831.98, 2163.00, 6489.00, 23794.00, 118973.00, 1070759.00, 0.0, 0.0, 0.0, 0.0, 0.0, 0.0, 0.0},
    {1.55, 2.47, 4.07, 6.88, 12.04, 21.89, 41.60, 83.20, 176.80, 404.10, 1010.00, 2828.00, 9193.00, 36773.00, 202254.00, 2022545.00, 0.0, 0.0, 0.0, 0.0, 0.0, 0.0, 0.0, 0.0},
    {1.65, 2.83, 5.00, 9.17, 17.52, 35.03, 73.95, 166.40, 404.10, 1077.00, 3232.00, 11314.00, 49031.00, 294188.00, 3236072.00, 0.0, 0.0, 0.0, 0.0, 0.0, 0.0, 0.0, 0.0, 0.0},
    {1.77, 3.26, 6.26, 12.51, 26.77, 58.38, 138.66, 356.56, 1010.00, 3232.00, 12523.00, 61798.00, 392896.00, 0.0, 0.0, 0.0, 0.0, 0.0, 0.0, 0.0, 0.0, 0.0},
    {1.90, 3.81, 7.96, 17.52, 40.87, 102.17, 277.33, 831.98, 2828.00, 11314.00, 61798.00, 441282.00, 0.0, 0.0, 0.0, 0.0, 0.0, 0.0, 0.0, 0.0, 0.0},
    {2.06, 4.50, 10.35, 25.30, 66.41, 189.75, 600.87, 2163.00, 9193.00, 49031.00, 392896.00, 0.0, 0.0, 0.0, 0.0, 0.0, 0.0, 0.0, 0.0, 0.0},
    {2.25, 5.40, 13.80, 37.95, 113.90, 379.50, 1442.00, 6489.00, 36773.00, 294188.00, 4412826.00, 0.0, 0.0, 0.0, 0.0, 0.0, 0.0, 0.0, 0.0, 0.0},
    {2.47, 6.60, 18.97, 59.64, 208.70, 834.90, 3965.00, 23794.00, 202254.00, 3236072.00, 0.0, 0.0, 0.0, 0.0, 0.0, 0.0, 0.0, 0.0, 0.0},
    {2.75, 8.25, 27.11, 99.39, 417.50, 2087.00, 13219.00, 118973.00, 2022545.00, 0.0, 0.0, 0.0, 0.0, 0.0, 0.0, 0.0, 0.0, 0.0},
    {3.09, 10.61, 40.66, 178.90, 939.30, 6261.00, 59486.00, 1070759.00, 0.0, 0.0, 0.0, 0.0, 0.0, 0.0, 0.0, 0.0, 0.0},
    {3.54, 14.14, 65.06, 357.8, 2504.0, 25047.0, 475893.0, 0.0, 0.0, 0.0, 0.0, 0.0, 0.0, 0.0, 0.0, 0.0, 0.0, 0.0, 0.0, 0.0, 0.0, 0.0, 0.0, 0.0},
    {4.12, 19.8, 113.85, 834.9, 8766.0, 175329.0, 0.0, 0.0, 0.0, 0.0, 0.0, 0.0, 0.0, 0.0, 0.0, 0.0, 0.0, 0.0, 0.0, 0.0, 0.0, 0.0, 0.0, 0.0},
    {4.95, 29.7, 227.7, 3504.0, 52598.0, 0.0, 0.0, 0.0, 0.0, 0.0, 0.0, 0.0, 0.0, 0.0, 0.0, 0.0, 0.0, 0.0, 0.0, 0.0, 0.0, 0.0, 0.0, 0.0},
    {6.19, 49.5, 569.25, 12523.0, 0.0, 0.0, 0.0, 0.0, 0.0, 0.0, 0.0, 0.0, 0.0, 0.0, 0.0, 0.0, 0.0, 0.0, 0.0, 0.0, 0.0, 0.0, 0.0, 0.0},
    {8.25, 99.0, 2277.0, 0.0, 0.0, 0.0, 0.0, 0.0, 0.0, 0.0, 0.0, 0.0, 0.0, 0.0, 0.0, 0.0, 0.0, 0.0, 0.0, 0.0, 0.0, 0.0, 0.0},
    {12.38, 297.0, 0.0, 0.0, 0.0, 0.0, 0.0, 0.0, 0.0, 0.0, 0.0, 0.0, 0.0, 0.0, 0.0, 0.0, 0.0, 0.0, 0.0, 0.0, 0.0, 0.0, 0.0, 0.0},
    {24.75, 0.0, 0.0, 0.0, 0.0, 0.0, 0.0, 0.0, 0.0, 0.0, 0.0, 0.0, 0.0, 0.0, 0.0, 0.0, 0.0, 0.0, 0.0, 0.0, 0.0, 0.0, 0.0, 0.0}
    };

    double multi(int gems, int mines) {
        if (gems <= 0 || gems > multipliers.size() || mines <= 0 || mines > multipliers[0].size()) {
            std::cerr << "Invalid number of gems or mines!" << std::endl;
            return -1.0;
        }
        return multipliers[gems - 1][mines - 1];
    }
};